  47.134930674005801
   0.714517300084849  -3.476485324245951   6.629409843192589   2.627456975844431  -0.330933839650084   0.606964242594843
   0.798663097260026  18.134294066736761   5.571386031526119   0.279334016553815   0.545995846491056  -0.323488058259138
   1.281830201744926   4.081100538477248 -12.280629519216262  -0.619809407966710  -0.536673618678426   1.539798938223843
   3.906343684249735 -10.165145038385884  16.431871697079863   1.573665666748910   0.641073324924079   0.684615274532383
  -0.162862323771848 -11.972603025809937 -13.691802269935751  -0.510466417292228  -1.021241540281926   0.682746832888087
   0.044200211105059   1.817644547612707  -8.295691949392809  -0.401315672664624   1.434940141857527  -1.391206654458091
  -9.380424596150114  -5.048397237983202 -14.777854962566291   0.938545998789473  -0.551020093686626  -0.716913932955174
   4.305757958792672  -0.035846336880315  13.004715197928915   1.024991022450555  -0.311543694141063   0.447751603352150
   3.739373053359937 -11.282111638364880  12.123019603910913   0.428669657469981   0.741095411191183  -0.532740668949193
 -10.715897924298357   3.932446600798318  15.818775156512016  -1.059367318014008  -0.792611826257204  -2.282095971355326
  -8.594088673640570  11.028388231337043 -12.044599778795925  -0.586487711095377  -0.734210250100495   1.887460291539853
  -5.926123933248228  18.429343784085248  -3.695158131790205  -1.494095144993410  -1.105050619768669   0.173810341965471
 -10.428619247046107   7.365629029458840  -3.220577984868392   1.264829930677306   0.620671295808896  -1.556665984538055
  -7.368880026327906   7.527283193018291   2.670906414926731  -1.592128267469947  -2.040694648083202  -0.493580140975341
  17.722386932657855  13.015491717102226  -4.854975691680380   0.326254372196119  -0.069431776608220  -1.108606135057311
 -11.546250276065548   7.056706385230869   3.090676681684356   0.519008648777984   0.044565964165022   0.131240304768637
  12.409871539829478   9.424027201062097  15.519647374974724   0.058731321746343   0.464999149462384   0.318791967353654
  -7.474710132536094   4.026446097537176  21.048693040395886   1.296507393674412  -0.475954422557847  -1.805767534125587
 -21.305357056861389  14.508325498692352 -23.054457500107500  -0.668220442583859  -0.554972754395163   0.677565187422689
  10.588992785212428  21.793369910309796 -10.182790208472463   0.058753849685365   0.554213033043145   0.598294467668800
   9.483362418852270  15.377523116711320   2.902071724603120   1.142037219638784   0.466669886596553   0.004906738991170
   2.490978290448715 -17.539676503573432   7.469159627582863  -1.032938631972415  -1.483334967240293   0.481452994401952
 -18.413060415876888 -17.070367042004069   1.108653811595624   0.313440526102636  -1.838418171805163   0.188662338981262
  10.224253022323703 -15.507509977548846 -16.527685571099905  -0.139598585341636   0.739595513264639  -0.119408640624206
  -7.122730392828708  -3.833440612413133  21.376346422906011  -0.033049756793474  -0.059823014836552   2.070626685443306
  -4.500201996663958 -20.173055067607507 -10.248714090314706   0.666096469388020  -0.372201364477257  -0.871738090011576
  -2.284759989621426 -23.442839393892122 -16.537071265215900   0.562930293950179   1.294897819254812   1.081177243676393
  -6.980177319532044 -17.473743672518410  -8.528101854145655   0.455988267655855  -0.631673547014751  -0.214413980216699
   1.718740636275560 -21.113732154193819   5.076989232656031   0.111901597584906  -0.073920286011150   0.192344766185021
 -10.576657062692236 -14.568251455513202  13.117280660338906   1.950292276881880  -0.027661921492071   0.297815636093592
  -0.417088689418830 -20.835069524053839   0.440825531822347   0.346680501034668   0.476030898458148   0.529950470120326
   1.002628493206380 -18.943062526561707 -12.044158096396780  -1.204317876384709   0.010718004046521  -0.562031044642165
  18.980843353128503  10.705057922462863  22.004487542002490   0.605857649079825   0.212135816781952   0.960886736307611
 -17.188217139726362  -2.090392332329877  -3.629096460526537  -0.025920937364234  -0.938726253943803  -0.145618560186502
  20.490412968627414 -16.790315242859180 -10.244677341634020  -0.740639145684191  -0.571359105359106  -1.996059899122341
 -12.913473030330454  -8.994041400811918   0.396938841099738   0.766985405011301   1.118094572377541   0.858979732530140
   1.631052056712450   2.471866144223189   8.226317294639063   1.489020723004430  -1.080553058610628   0.481037535055430
  -2.720313777408678   0.475952866886285   5.478306657668700   1.263364351881813  -1.258985072704284  -0.352156163090427
  -7.433341604150345  -7.169213443160764  19.369577887640524  -1.806603444278596  -1.518301310555066   0.178743353473129
   3.537459767213111  -9.542641392601277  -6.258477316184132   0.911170812273049   0.151905654290603   0.108526174056264
   0.216918424711418 -13.139642710326088  -3.850819762972830  -1.335176146623326   0.918209857453837  -0.141246799414839
   4.220678765579716  -9.803934617150384 -10.206631926889838  -2.398258029709226  -0.173647504366651   2.137923174370457
  13.548049508173918 -15.399170196620911   2.724639645162358  -0.556425156229989  -0.272227062629879  -1.055388046289482
  23.407081974867243  -7.396645793015190  14.255587693351334  -1.620336097124436  -0.288599304107541  -0.031392581489303
   9.558721379866650  -8.641212066735656 -21.693247136683954  -0.120252888309918  -0.721656736316572   1.942981668953083
  19.496955388681233   7.904163441766570 -22.481105918893878  -0.074958464939773  -0.152859003718794   1.359936422192096
  -2.381428966472773  -1.479970821037120  -9.165886485826595  -0.068150087083224  -0.673179590473195  -0.839635835023957
  11.719098833010046  -9.560711158576543 -18.012612208541459  -0.094670329347597   1.319990283841497  -0.276740280114137
 -13.544803657874708   0.678222932212823  -5.830896002158091   0.870279468651356   0.629849387806612  -1.401523800158964
  16.542207920814199  -7.357128450105249   1.213219999895710   0.022275335369695   0.263182168659467   0.522240311972860
  23.011941529018898   4.785963419362131  17.484358611026316  -1.304192593822128  -1.243799929471401   0.319418805696351
  14.222059455380883  12.899631935165601  22.133514108995410   0.791958740771815   0.461517180669016  -0.629333678611197
   8.371188152045667  -3.778407193049442  23.272624422296111   0.684247084550164   0.509458319014512   1.285747952327019
  14.884230555081945   1.273854031432999  20.663157768368958   0.284647301171040   0.058596936191051  -1.338982412022806
  14.560916870504986 -14.467471660063197 -14.377971782955900   0.093809910926172   2.234580657566526  -0.159250653290974
  19.369705720185046 -10.579133481501549  -2.826926916873159   0.212721752823037  -0.321833422731365  -0.069945811220835
  13.133131241952183  12.203543326787264  11.265504755721487  -0.107542896097408  -0.941254356951402  -0.242460582296975
  19.552669725810468  13.767848757401973   5.510105392406600   0.969243526826831  -0.745332695431731  -1.545343647846514
   4.199652893715410   7.804097790086103 -17.071679533670622   0.249806238347734  -0.364719541977668   0.696897644489740
  16.302466471631995  19.723203249304177  23.185589193066011   0.926027780578625  -1.167049786103938  -0.433634796443838
  16.317799808965287   7.215152383907296 -22.824981485817460   0.195242697980358   0.841781291531810  -0.816487674965604
  14.640673820469475   9.129738560391337 -10.183178440536162  -2.796539831087088   0.349356173337754  -0.559471369334589
   4.336922644007422  10.312785089797591 -14.617464922353566  -0.093620870256942  -0.318957879203622   0.542142019323156
   6.519388774423376  17.803336962523289   5.269018068279086   0.278701439533793   0.753521946496617   0.465059084721427
  17.024232869870790  18.834824016505969   5.103944101946138   1.863428676588622  -1.594528236836473  -0.182977633666877
  17.497099502609220  22.947629644628339   9.922565196657734   0.714693323105143  -0.317818753218348   0.932854289850197
  12.618553370954022  22.795706459578703  16.769225449652069   0.281537180660416  -1.485412576432056   0.066628689921612
  13.599543437660577  14.127545011700274 -11.308947919262938   0.243075887697121   0.849616909270766  -0.074248807063593
  14.178203398664319  13.479419452159904  -7.093933924777120  -2.148631990727909   0.500904235267259   0.417562493034854
  15.639227371033925 -19.618327454148957   2.410330561033075   2.646613101049538   1.097966831858703  -1.708157489168413
  16.901491816453209 -16.036924674961572   0.368226722776201  -0.373799463010228  -0.691699385618062   0.098794852538852
 -21.543063264843067 -16.805190698421097   3.956985686520509  -0.268628622892386  -2.266075576649806   0.675085758984446
  21.431724671890624  22.398274769285827 -21.130411761040389   0.126351893988441   0.344435438795443  -0.193425255839265
  13.745045680087401  18.782121838441963  21.435577520327481  -0.647624823633125  -0.799748461603596   0.279983755826085
   6.790971301093519 -14.034176272521927   1.549191240962525  -2.043926258102885  -0.492824522114802  -0.178483364438376
  10.208982240332547 -16.078344737421350  -4.936995569804917   0.216579843812784   0.388496019752007   0.005036857080944
 -16.518401094470459  -9.294355279046570   5.353353328025376  -0.534685823939637  -0.913470332670064   0.440784738834159
  21.070701692964882  21.919076900636053   0.827683444850298  -0.001832456239475   1.514646998650300  -1.678925400880525
  21.954905945821110 -17.739000369492075   2.275179953476335   0.243460756509032  -0.584045689691612  -0.787987728756374
  16.155321529192729 -20.653582291955246  13.862636805070021   0.180562146745688   0.566574658043908  -0.359559063728351
  13.778509280392731 -19.558826570566247  20.581745960921904  -0.904919010528212  -1.038454508444892  -0.072295285048723
 -17.722831368328645  23.350684057236649 -22.964272435947880   0.916259322279875   1.501513479667762  -0.396479358200191
  14.741181958988673 -14.829429232719148  -3.044638842389762   0.247909875703585   0.774541779042048   2.120128688656097
  14.583583440120714 -11.091135065486057  -6.995198225226803   1.247600471877667   0.354303078547566   0.714902060961119
   9.799579653383237 -15.793611706578599  -1.687713923334756  -0.267501253712054  -0.101492124819889   0.451451156309133
  14.635381873551395  -6.409183685461174  -2.766768896984505  -0.017092996811276   0.557843579694933   1.779757968105095
  18.033466490954314  23.308340900050283  18.901165623020820  -0.415498405616606   0.800388064069327   1.109852874168834
  15.542694623383092  -6.612078950175230 -20.940998898546077   1.161344770325176  -1.033764664409720   0.964102444200811
  12.640104052553108 -14.215878283084669 -18.968871947238767  -0.653233407678288   0.812705645551975  -1.094621828747054
  19.612188564326910 -19.212501951988976  -5.972816287275291  -1.135138259244026   0.540000547559217   0.683405969899617
  11.206460721914093 -11.674292437100457   5.707373455043648   1.014750331773422   1.273248621828224   0.411891024198767
  20.794309436229916  -0.735790530595338  10.800869237988795  -0.225658606927040  -0.554273986767213   0.972029349947554
  16.554750061771816  -2.551142850779006  12.769156704709594  -0.089643556369155   1.452929293731599   0.577040526888938
 -20.799234437290156   1.784346363076631  14.085136811336202  -0.357515603578291  -0.814541467156266  -0.758413113023985
   6.822110375165256 -11.864997556840388 -15.956489710947048   1.012604202304893  -0.610900947798619   0.050585570245842
  17.120787804203079 -13.986306956482746  -5.968786056474006  -0.830703842868838  -2.800679832734812  -0.671016272275256
 -11.128808548724228 -10.132342396085615 -11.341435125842249  -0.713547710535454  -0.358694662852209  -0.850694553209347
  13.919481494679601  -9.100466713426782   3.242514134143639  -0.207192570243389  -0.590412213259146   0.782362534181431
 -23.136369119572560   3.954854007932671   9.542914394394604   0.078705494615138   0.126818423532493   0.589121274892012
  22.440095829885230   5.624267960297487  13.549202394017676  -1.841087787163528  -0.607383316884946   1.677815761997766
 -18.923215906963051  -1.242442758458521  -0.471052143720766  -0.675461927387513  -0.075983801124842  -1.448846380926229
  17.837580540117369  -4.391433409190351   3.316521401313887  -2.686585728324625   1.052422945081074  -0.113780289994424
  -8.205910578757582   7.888254110043880  -7.695286692944210   0.528574292053999  -0.836950889352277   1.103042479816400
 -13.652646280827183   4.815819626287365 -17.526215418484547   0.301077757501107   0.266590566476665  -0.027176510011294
  17.835879011583678  21.431252970781575  -0.565037221379177   1.232276452245521  -0.308239500053752   0.433105222581152
 -19.241976524374632   6.810408986385916  10.067242847560955  -0.422459473461097   0.743566908799144  -0.729368602084236
  15.789343342997823  13.770012733606320   8.846876814766302   1.103098229645055   0.227807760922550  -0.849725084196130
  16.028369011876247   7.288665342401087  13.847041029927057   1.710617963453759   2.289776062097691  -0.553802657568369
  14.067459429269844   8.113381706331728 -20.459817132310818   0.111538014210181   1.310913644458366   1.384000344510355
 -20.834827236750790   9.625439049250788  -8.769488601770369  -0.306280526494441  -2.266102593644174   0.463305709232406
 -13.404559810883539  19.875975690907460 -21.689598884211090   0.466499615131288   0.471095770320088   0.061450890897734
  17.385326485231666   6.885561053653076 -11.914129597944129   0.784570358458806  -0.072836422205809  -0.193538086546492
  13.531747825574861  22.213848911142321   1.776185106510930   0.874776415731814  -1.543077229756666  -0.411274540252393
 -20.621442369279528  12.402990712913851  10.773313326733716   0.024944850392194   1.257102269956397  -0.127396843904593
 -13.621915218444887  21.472467439303756  20.663590029530642   0.279314089246058  -2.609726588108269   0.120638809674308
  -9.700215682567396  14.128632972131804 -20.022057551757349   0.798086075500871  -0.298167086467104   0.629018004485464
  17.878943445706746  14.391049904578171  -0.448863604395572   0.720588533523190  -1.111637758865752  -0.076545419548255
  18.249505781053365  12.594195224658177  -9.594347688634981  -0.238520321509933  -1.365258664712311  -0.477938477021469
 -21.816168466931138  11.963579601405316   1.674752911084788  -1.351173372558008   0.911783267359518   0.130092989498663
 -11.391993565492628 -20.853645467571784   0.807902970712420   0.678056129190462  -0.740023642877860   0.102902076848649
 -19.150899847920780 -19.630519131946457   4.161971139236266   0.803694690106150   0.028112598453687  -0.427389318721839
 -14.743749686753182 -18.426986220790461  17.053930800438447   0.248137771769414  -0.473697595506591  -1.205402032750285
 -12.168489682068195 -18.686788894964490  22.767390170429152  -1.062467954621052   1.007090114269932  -0.712027562143692
  -9.543290604101470 -18.541657409914425 -16.198339726280384   0.467596847723707   0.952875463207796  -0.409954904352989
 -22.454332042756299  23.566138157696567   3.694550877948695  -0.069338866414151   1.053635600790738   1.535691922418317
  19.622769400654263  22.912277186182383  -0.747705703389328   0.133869986900948   0.854243471605255  -0.250044567865221
   0.639986426579603 -19.103204220133826   7.079051131913069   1.173473868475792  -0.182848249764074  -0.224160176715684
  20.591799796064397  20.538642933374373   4.313038790816123  -0.635973770255239  -2.101145611569899   1.198130973305633
   0.216238851734185 -20.928342516502806 -13.067823547341179  -1.059623810118967   0.116042002835900  -0.581319902216721
  13.381570909999136 -22.561056635959282  18.052701046668545  -0.317380179088304   0.822289388686349  -0.576353192237096
  14.823481623405447 -13.896090818134610  -5.494748920390595  -0.374176880874498  -1.072773608209331   1.354515892827320
  12.614635367846919  22.661072165780713  -0.806486387469459  -0.955031924833584  -1.093516142128192  -1.722375559347928
   0.124453320739628 -21.095878719759938   2.886811103096427   0.243339518617521  -0.085299706444071  -1.025901290999338
   8.512594429827393 -13.447771465067904  -0.615519233806446   0.747175089828015  -0.280012410047571   0.221784645077489
   5.060599471062649 -10.997178910013096 -13.377111062566653  -1.611783162814605   0.575237670649862   0.471406009086460
  10.431461006824424  -4.880241508064032 -22.906501543435041   0.883880612423700   1.403653595217256   1.039155766988059
  10.615368078897667 -11.587948084572934 -18.147625178093506  -0.823641923574901  -1.138383947706145   0.242773852748070
   7.371499067939864  -9.510345269876973 -21.862253799216280  -1.014991607309981   1.918149110569955   0.422557637427308
   4.582822976279541 -12.174187497487800 -16.666868468577810   0.275447344150243   0.355246439077936   1.042272018620332
  14.010909147961101 -19.485379770737570  11.306033524170132   1.098372531296288   0.856718598880777  -0.077933764836981
   3.047852788264998 -10.608274171830354  14.183126372913026   0.073752694765902  -0.631638470961989   1.264335255619868
  -0.925478064494229  -2.972259798990556   5.147395553461940   0.843190442374025  -0.769479958895329   1.540666671637141
  17.552182578322913  -3.858226872805677   9.537858559340888   1.021233637618918  -0.052981876558724   0.866186248951457
   3.294905512032261   7.401322004854764 -14.713797927806542   0.233287117269793  -0.226683328761283  -0.985125228664298
  19.772217722399770   8.276456817905473  22.464889679987085  -0.046917613289521  -0.135980015731564   0.201443961366880
   4.945169582933617  -8.812368577609540  -8.121156918863836  -1.262869182488402   0.611136408616898  -1.304590370046289
  -8.883719078421471   8.379742780562957  -4.727504891274012   0.933929205892072  -0.185608196806655   1.267324722295137
   8.230926435322157  17.075581761052906   3.840291822570560   1.097155085370858  -0.597707566543108  -2.467305882414511
 -17.274095368171466  18.658301459624500  14.847503405358301  -0.348392388166376   0.408494180708022   0.338653821654365
  17.282345521751445  -4.468805492829612  -2.325169447714139  -0.445481955188081  -0.261421947543826   0.157842786592118
  18.171644367245211   9.426644416612726 -11.286977724929743   0.277899857477224   0.381675390399463   1.860170134032167
  13.716938403985313   8.437897486548669 -22.909163960347222   0.474457575942711  -0.714651740052865   0.000091932936911
  19.066424899942376  14.075553758263245  -2.592029030527018   1.498066347292179   0.331184165948057   1.852311523780675
  13.764461544465023   9.236745983711783 -12.243470037031493  -0.517340199132042  -0.461025858984750   1.277176854013185
   5.825066165776882  12.251633088827969 -14.776386213852319  -0.277793128650266  -1.998544105772729   0.915575774716406
  14.880473147381446  14.046437018703811  11.097506330708116  -0.018365483224010  -0.189505497823150  -0.564481418503871
  14.395046438558603   4.288232196557416  20.740389974487549   1.209393481556157   0.443619515177916  -0.327124035206380
  16.985023107854381  12.716992331638332  22.181352705351106   0.526181996956895   0.525272446720091   0.095394459985325
  17.255344834879327   6.177532029971682 -20.947791835402914  -0.663727224207889   1.378732065606622   0.006908884309233
  14.085324674449486  11.713530751921910  -9.277151536859712   1.628663278228656  -0.190049213068739  -0.316331199864640
 -22.207057202422138  11.086536655527906  -9.916906209278512   0.930296063100926  -0.205170182733535   0.211544202197076
  10.879529991429262  18.431338982010207 -10.468724487137832  -1.051178382371081   1.734188023796763  -0.485653748611161
 -20.522179151995552  23.445319951239842   5.113910416666003   0.688310430363783   1.402245984901311  -0.758749014865517
  17.626486064536607 -22.488001215973146  13.937099867349325  -0.617951901520464   2.295025113439932  -0.540119868509858
  14.605080070490226   9.211130004654958  14.778277213556379  -0.358977372632025  -0.538570028897886   0.152827397822967
  15.089602561015511  17.585488553203749  23.193839832677522   0.692009375017696   0.145894896232987   0.233030547141901
  17.453603291141651  12.769005138754453  -7.475367245254678   0.264769266533485   0.945668451214118  -0.519799574016801
  14.345298228248057 -17.594889541185097   2.233310814317257  -0.530709527417496   0.021943184763871  -0.320515678944640
  18.039598817697538  13.602595456591002   7.522510085161505  -0.725796153647053   1.898971664079326  -0.272230835462968
  15.687129193201566  21.472111663932491   1.996153014532764  -1.157676458625157  -0.975417416901980  -0.033406463530305
  13.477432548596628 -14.822297076045674 -16.305729961460912   0.022503778697161  -0.550868019154666  -1.626199579194905
  19.312162005932983 -22.537733985197711 -20.423075281676017   0.200492865692049  -0.230577176805706  -1.028040834388784
  12.267684927211459 -15.876768663973293  -3.030639547614851  -0.253657596809750   0.410930434178598   0.476523577476219
  16.155689810675415  13.632106059911379   2.858368674369100  -0.465393614731317  -0.704175573553690  -0.466645996434261
   7.693830018757817 -16.403993053320811  -2.404771984590807  -0.430806691239598  -0.895573842416629  -0.327750026270210
 -21.169031587859717  -7.821264398645620  -2.854250085954500  -0.325884464539525   0.077909961285669  -0.623633730803779
  18.997863032897587 -16.950124230427875  -6.409585892265031   0.726880629943953  -0.309572046650038   0.222558037831171
 -21.154602883893254 -17.999196280328675   2.103304751836831   0.098973697600300   0.141144773986054   1.321986144878732
  16.036869280914036  19.763083593182181  20.749823572664223   0.295621377263413   0.623234516372288  -0.513508691704967
 -12.154960335105395  22.023933353168250  22.260244675708961  -0.887859284941858  -0.048090820586895  -0.446276754074395
  16.849304645938155 -16.146228632493141  -2.139533437760635  -1.003507936297219  -0.144607034112193   0.056868399784458
  18.519422078958758 -16.778295615005320 -11.382594109823939  -0.159573854124444  -0.514887556697127   0.991195289528750
  12.119060732497337 -13.641222376721453   4.144443957373820  -1.403419351407875   0.958072699002489  -0.914770205997495
  10.555183875023387  -9.171060473063200   5.615017568967915  -0.362029946323525  -0.193778760842397  -0.567017953982407
   9.039023349931995  19.052307956368640  21.206048269724146  -0.554389751964561   0.708937805884454   0.389924434688511
  16.827978287890115 -10.896190465054305  -6.915068500569698  -1.088266227744469  -0.155991498323304   0.447076513615840
  17.728391674873684  -5.830302299920785 -20.885250023875415   0.390258862048436   1.674395623999821   1.352189204247009
  -0.129698408562313 -13.461874090849546  -9.142021453570019  -0.442315990976933  -1.339575294558598  -0.324890493060972
  14.294855395717216  -8.394347828680726  -0.025396876754524  -0.672274866334960   0.572680134183799  -0.072318700569138
   1.606129119810857   3.090362291533260   6.014928417898589  -1.241699627471466   1.551051328265551  -0.918749279877620
  22.426269389418323  -0.145258767872340   9.090787980401403   0.048893483383331   0.282874001964939  -1.078721854521574
  21.356874349234165  -6.794210063955583  12.743027653672009  -0.547900146634014   0.059203844617037  -0.502161677029966
  12.238338416677665 -16.281638350540426 -20.087170101758858   0.086049434494691  -0.557138444763721   0.012199603335781
  15.373980321553141   1.755189732524915  18.522014187639712   1.383834879482779  -0.428718141858942   0.546970986430939
  19.169524440125773 -20.170171858492566  -7.970201152854592   1.540025299467838  -2.284089678223716   1.081494129717894
  17.964075449180452  -9.549648694053523  -1.269894533396891   0.150828464015289  -1.035960991379453  -1.484312598313757
  16.141346475504559  -7.441128676779560   3.598960259475863  -0.453883983406890  -1.071982352184954  -1.817272981897734
  21.806753489455666   3.203157312715809  10.499967606708584   0.124441504155165   0.801774266387787  -0.260572667675616
  10.559844069096531   8.792020613775479  17.533912408479186   1.345076353155179  -0.147134507031787   0.280304539880944
  -0.108334079720088  -8.677480563020687 -14.968148207345278  -1.826177005559734  -0.744437512742239  -0.407992769628797
 -13.105748801510046  -9.087300785754040 -10.347108998137145   1.889201796538994   0.706259893109148   0.112861863072534
  -3.550395402402090  18.400660711548380  -3.459931221919137   1.458424511728386  -0.515520078871333   1.261377613200654
  -9.840832283252103   6.908586885812138   1.520528390485111  -0.566481184848046  -0.760895680645220   0.274112735415725
 -19.139576632390572   3.767083365011271  15.309150569513983  -0.228818688688332  -0.763300474337977  -0.413540566548955
   3.051706225005935  18.026188955272332   5.486140647577213   0.463069533150790   0.930726752577967  -0.221880735576695
  -8.550573768193999   2.903000619084711  18.956747336896942   0.047078649805142  -0.157128057313412  -0.084044829130827
 -21.542522405585490   5.587542595315841   9.243258000609199  -0.348445593128929  -0.770055137558691   0.296041930644134
 -12.332180815020040   6.616519060019255 -17.744827420572829   0.409295143012109  -0.972945290567419   0.826866744503062
 -14.458469229658490  22.044366107687814 -20.522323103806592   0.223914644271563  -1.204042231892421  -1.288855326912920
  -9.825923573255459   4.643009108316913  -8.490817592794416   1.847131452531705   3.053589690655932  -0.022797456601089
 -16.977423770180756   7.841017010682436   9.621921771033154   0.703075875740433   0.766442523560421  -1.632013406615109
 -22.988329822961617  11.805590798988673   3.612559735265184  -0.420818596451641  -1.818047425327876  -1.193794151159721
  -9.264446665718209   8.580553803575755   3.943489566008736  -0.691523380413518   1.327905700869284  -1.024053182924700
  23.403025814321925  13.956333568113369 -21.951435851480589  -1.167336588099279   0.648453687975241  -0.081440289474965
 -11.873808343996100  15.710786664843685 -19.061073581017570  -0.531145790391771  -0.146876292829809   0.489834348650048
  17.176963744438268 -18.325010685003857   1.246993397667763  -0.900031290144737   0.578181905775296  -1.213719222306912
  22.283694483049882 -15.739554151445907   3.393266511286783  -0.084423920500274   0.364354461833080  -0.714043495810862
  -9.815025015201918 -22.500537322168682  -0.202365968065480  -0.246831616375683   0.883832219224770   1.003353098773535
  18.120490070015496  21.295342437841597   8.398101395952276  -1.357747387981625  -0.373925829635082   0.660482738544603
 -13.713554233009056 -17.064639895754460  21.649871779694379  -1.311720306658043   0.833049487088063  -0.622291147287684
  -9.416408965462223  10.089160507770282  -9.312749855721439   0.825122958628933   1.188838642510017   1.170323958817089
  -4.423421177720513  23.065716073441706 -16.214691227504211  -0.362697591704334   0.688010197639039  -0.141159367771753
  22.839466408011752  22.509770134896495   2.650156512816171   1.545321497012987  -1.757060300190814  -0.753724541694554
  -5.047031341833703 -17.841480816571419  -9.893153829761394  -0.859075767564182  -0.552716142660758   1.745906505576328
 -17.668092798320455 -18.049817726988074   3.183702191800603   1.401940974236288   0.401392360070290   0.784590718906782
 -11.534581817253443 -16.350207783456913  11.666131528897639  -1.119677976062810   0.348835027285458  -2.110844779116923
  -8.560820333066820  -5.073768536271345  19.679901622787909  -0.530889610521908   0.956882386863607  -1.437079733277110
 -19.171182697612778  21.647051503803926 -23.180210593686770   0.855346916928458  -1.000412041122132  -0.736994308123040
  -8.047937805266013 -19.462409421842263  -9.034916521158479  -1.267133962564313  -0.486125689759296  -2.286359511183893
  -9.174190155180561 -16.415971171362795 -17.495168993781380   0.784364136497094  -2.572892602446231  -0.141946310226088
 -14.723169964174993 -10.465351573738170   1.217317588522235  -0.254413279503746  -0.800053314837163  -0.219576043400313
 -14.979831106255196  -8.019908676848052   6.826237547418831   0.958771915656684  -0.993921168404941  -0.717857315963046
   3.405829415989120 -19.632330887617659   5.074702757633060   1.020346294763357  -2.606779910380773  -0.052621739316980
 -16.617946396577377 -19.950348611439409  16.461841859226020   0.222765490754602  -1.109170340901430   0.840703584880367
  22.649371497623932   1.563917099580567  17.044645162618981   0.304210240840555  -0.930821993825757   0.043667002598378
  13.357714925396833  -7.599458825820280 -20.459081896372044  -1.595229207882178   2.010326070405443  -0.736672737346307
   2.209004739978433 -12.165436554033295  -2.392244191176267  -1.049688731986016  -0.707844389183667   0.371105012147170
 -17.912346765179041   0.533804690003870  -2.435088639229725  -0.177711758370897   0.310236013944217  -0.075296007804320
 -19.780815865973857  -0.269191655823121   1.372914585541276   1.091728191612708  -1.960049552778700   0.048175752154894
  -1.608783059040884   1.058529213451481   8.232697109146097  -1.352685913514446  -1.739678962343783   0.559296180858250
  22.231244378782300   6.369434824769060  16.008848703479661  -0.265662192032254  -0.848402859640060  -0.157178112131293
  -5.632020819088801  -7.575110198002055  17.692333307817204   0.221101227517487   1.399255723229234  -0.153359681963883
   1.126678643103273   2.523671432114065 -10.572583833176274  -0.544668520416360  -1.397669371395609   0.116910068178166
  -2.274591770839261   0.611783962445673  -6.955775239276998   0.233494932734222   0.236738499126589  -1.131422114708942
 -14.234688088360496  -0.962374275424934  -4.232394726068793   0.133143640264929  -0.110394676885013  -0.963666818040863
  13.220308886143405  13.977427443152807   8.627884478107916  -1.516770096825765  -0.284614360964596  -0.638247274816952
   4.092739050488811   1.969212073847294  14.128345838828897  -1.035538063803304   1.391269135692193   1.364883964949253
   5.824499600739112   9.937406141121656 -16.935367257228133  -1.283815298420397   0.658213738053534   0.553490217271424
  -0.823744336412152   5.583273470921337 -11.625815877258161   1.455810734691827  -0.816862395783969  -0.173278609526514
  -9.292249949490484  -2.932838787850577 -17.788479007009403   1.304691854119267   0.102032034157518  -0.161271321589036
