  47.134930674005801
  -0.690872580786003   1.341152606700058   5.917699373992754  -0.391708136495231  -1.727212711796752   0.258211866111555
  10.535920453708064   1.364741090628110   7.534242799859415   0.385981949400403  -0.289979791509504  -0.856839122808523
  -4.861579021901233  -2.418791618668405  21.924105511174698  -0.448270006473259   2.092447226868008   1.382106847712921
  -2.569850620116456   9.139794549007332 -18.139759376794593  -1.290467989671028   0.609807592247305  -0.653105667715008
  -1.335863844147578  -0.373426607263519  18.258162654290416  -0.467345723568190  -0.174066956005035   0.339338194568335
  -5.343130662271059   9.069518714524055  -1.691197121102795  -0.080706407090893  -0.318794730434293  -0.800584914076477
 -12.245193843636700  -0.198456279191069   3.012931646178541   0.773506267142937   0.795682833304504   0.299091334196402
  -3.183317593614083   4.256437602738933  -0.236976829986553  -0.763184248046604   0.366303160702281  -0.231194722401181
  -4.736903138745711   8.576472453664048  16.228889302182974  -1.900653540688943  -0.823044081833649   1.219450533048087
  -3.358047247039119   3.783730968010641  15.974065522383377  -0.034479672390675   0.319787752259099  -0.772330249384701
  -5.916878893970672  10.262010138454555 -16.832286813931418   0.822924645663760  -1.277226569812123   0.139214654518415
  -0.718763146330858   1.531371230250062 -18.028261638642757  -0.217870188945758   1.811168254268143  -0.544328725739492
 -12.562329756454861   6.171677067451687 -11.806295216256508   0.889881025923900  -2.337423229360164   0.126299193421629
  -7.545130444871085   6.461458749463282  -3.856931236261142  -0.850471260093807   0.577162090336378   1.020637651012902
 -15.837945315782024  16.032891677281263   9.332804676117956   0.302520220741372   0.282302846760399  -0.261905640477384
 -10.849369216468254  11.839224912215506  13.427411268191154  -1.849971946979454   0.124644442730416  -1.719895955866150
   1.518137034540433 -22.824403635987380  17.219726272801577  -0.846790929281470  -1.926605743052407  -1.198054792069639
 -12.315307550271068  11.302815960731772 -16.137945743976463  -0.489073991195518   2.150187236161493  -0.965093838758367
 -10.626691116421870  15.404507242803836 -13.693204340245702  -0.208941587448734  -0.582199193818249  -0.433015543191510
  -7.136680760991311  16.900048174097563  -6.089823746656578  -0.179281057337486   0.669507818016131  -1.039953729554357
  -2.701105708713092  14.156695671589667   0.635780981853747   1.013509993715164   0.515403673318350  -1.428720160209837
  10.836927927787086  21.200121545916502   3.284403306748198   1.256008442641850   0.799326598063272  -0.116577930380265
  -6.489471932457865 -14.636772105536741   5.809619043173956  -0.419327357894840   0.559119177212170  -0.272158887689400
  -9.117761079541104 -15.014177527423692  23.162080163027017   0.849736677016559  -1.579642177510017   1.379426639650798
  -9.500395541895944 -18.499902474819574  20.562763649389570   0.896895511223409  -0.695188950875193   0.506353700565050
  -4.729363926572075 -19.204640191941071 -19.368565936730953  -0.423916148185357   1.128787049189216  -1.029883229500386
  -7.104435191107046 -23.056721256001847  -9.251412179155475  -0.936034731459634   0.473416951908521  -1.346782246106439
  -3.390530044522660 -14.588792466089339   1.925062792585720   0.972727835746702  -0.875018918178431   0.769497883375918
  -4.678615933365599 -10.715012637468726   4.087456471474167   1.013961910736082  -0.391174384482198  -0.987368360055294
  -2.729499579301283  -3.629419147480215  14.888877702207941  -1.283444265510527  -0.595402984982271   1.704552192107553
 -17.318850003136049 -19.119680301760482  15.670658055575110   0.360967685224818   0.261577485643629  -1.638116065876553
   9.515965198340300 -10.963171288114157  12.368631718457998   0.330241439378482  -0.815816835381583   1.463322107864540
  -7.236744689777463 -14.203535486942208 -13.391961037458534   0.902721734517934   1.280253611067039   1.137293279421028
  -6.320683247909124 -11.698162062594864 -16.658601530778775   0.081424525765726  -1.106088570863929  -0.690760331280915
   5.244304875871200 -14.016189421640956  -2.139392066875860   0.015881122620137  -1.082221606749511  -0.805303405682617
   7.244994847478845  -4.367828402501159  10.885565571492009   0.098099531204715  -0.928784126083377  -1.585744816351538
  10.109662763900518  -4.910237289754211   4.893770093393778  -0.676533101610070  -0.506705737904576   3.246108455307517
  -1.719333616892863  -4.554333701321695  20.361646054198474  -0.633485784731872   0.681306877852366   0.245913084327748
  11.468656206936206 -18.901014211192148  14.307804668922238   0.574225029225545   0.649603322184760  -0.876419099779836
  12.643204836865191   0.364043925661875 -19.048278428018428  -0.099501154162014  -0.082099329871687   1.374399475177371
  -8.467888511819835  -0.368641756085149  -3.969225217174225   0.912898392674392  -1.631556884462624  -0.166406835389124
   3.116548364196733 -11.356079583125981  -4.199848905528563  -1.041356801038272  -1.007402742442205  -0.823397203169695
   4.450241107105866  -2.137960880877091   2.073572192201092  -0.109574935468118   0.222655142591481  -0.064803419091595
  -5.490387118903313   1.017320331939781  15.622267510964004   0.308352889022682  -0.278029446826184  -1.503533978467293
 -14.510212038867945  -4.777232628095386  16.265156024318379  -0.998944661556593  -0.074456063119758  -2.035200262106927
  -1.255731107355310  -0.908762724505542 -22.958024935245039   1.038966021918203   1.065297552889774  -1.900298735201443
  -7.936352077503182   1.406369408627911  22.993240608224990   0.047270092339932   0.850167316511399  -1.050631816344317
 -14.835042793444682   4.241802032285666  -9.036388657282014  -0.471455499308108  -0.094247538907926  -1.078085415979659
   6.439478415508630  -7.228727328648024  -9.221736634335592   0.874771197202786   0.367658091913417  -0.393203868808453
  14.646747828399963  -1.390940667264398   0.587850104826373   0.888596920516515   0.365842641570461  -0.318699558846104
  12.822645186687446  -0.084491070680396  11.603716099972958  -0.476645257681031   2.073218449840172   1.652370368925382
  15.208320230450669  -7.377895231946457  22.317613334961713   1.156119414442527  -0.855548942891015  -0.056627173854625
  21.474964457918809   1.571058069400304  15.389821773970052  -0.475295259045982   0.587343186866585   0.248265891377729
  12.748033301435438   3.401547237849873 -22.828648688745172   0.707621513205542   1.280517036956876  -1.260427977290147
  18.068816438850149  -1.748874483000757 -11.489438189854205  -1.295344091397475  -0.783672380407300   0.587440223763090
  19.186111847748887   0.257505907961206   2.931514261364897   1.232858408813741  -0.515390473282216   0.061395522021449
   9.404590605697049  12.880530014763401  -3.377631180427568   0.026472793925969   0.448842699066961  -0.599287463529266
  15.536348453819695  11.792207703500633   7.617825154077885  -0.301500257193167   0.192992893671202  -0.811046544310895
  13.747781987502025   8.199914188435505  10.873283947461605  -1.329282854063499  -0.123815787825955   1.715851386630285
  14.144401053126044  10.654432086346860 -18.516440924895061  -0.875719374615075  -0.138942128146511  -0.054593612185547
  18.321251215000661  14.461403759847649 -14.011213853350634  -0.420442350890800  -0.185225449268018  -0.937904431949177
  18.903248016874862   7.608849375110590 -17.649570671741813  -0.475177687846054  -0.466466759569573   0.954207531221956
  12.680296367747554  12.585936039162839  -5.896500377264644  -0.797432648331046  -0.003759926427095  -0.133691720290233
  13.744012620542748  16.517608287428740   0.154381459933308   0.474763534446384  -0.354135910102135   0.826949374953974
  15.808648779817101  14.156670691091133  11.170423653120096  -1.505496296795514   0.350454296755752  -0.192114203661107
  22.597606324992192  18.884312837583010  16.843080772884171  -0.322708281511242   0.013293972868137   0.658057709471499
  14.894667538271651   8.440703098639778  20.203155675348139  -0.128116966910908  -0.610716874603624   0.124004424328927
  19.616812695563961  11.555806708734945 -19.091765485949942  -0.197321316542022   0.174651420264343   1.462831005060521
  14.555746844780986  16.029655198318100 -10.705818887445522  -1.011851694169583   0.690023252009686   1.270916637028714
  16.006119179990382 -20.733488890531341  -1.507734431796524  -0.389715051818122   1.029263393467343  -0.884158667851843
  13.900724440218339 -22.681972007911909   1.616570610949774  -1.241378408445649  -0.005105921403453   0.418691750884827
  22.582004779075884 -23.347662890871796  15.388035009915601   0.628904201935348   0.033001520651546  -0.184490128655199
  20.034687866148367  22.011050679538268  19.204873100343725   2.922475595257142  -0.031470527021439  -0.628973654951629
  23.231823290872889  20.853289562943626 -23.285597287739055   1.352809935864664  -0.755193421857814  -0.269913149563594
  13.157170589963636 -18.700579427070529 -20.523465054720614   0.349398052154967  -0.860079471657439   0.531774519530729
  15.367506902573000  20.402238383107580 -10.142429515891857  -0.923051370729071  -0.080330462560603  -0.242246641789740
  14.765045141045974 -16.008946439718912  -2.255525585145764  -0.444040957755547  -1.116258022792558   0.192800968869172
  21.848156418690746 -14.033327721157068   6.789485843363765  -0.483790099276303   1.444030091396076  -2.382211760990212
  22.875255523125961 -15.410920309668033   9.897447405891148  -1.776634144731685   0.282986829301280   0.271551643390689
  19.346582582016637 -13.863105149331231  10.947100489859132   1.327380874473351  -0.557170346780780   0.702116300235978
   5.353866191476156 -15.519535436174932  21.620055459636461  -1.314252446355277   0.757351949650112   0.191185310255651
  11.740101532483131 -20.871462184918990  18.286729997334426  -0.408816168156227  -1.129689718005483  -0.817729259429883
  16.687671785505525  22.751446001708313 -20.309999559037237   0.609074974123883   0.179737466206721  -0.404497478608886
   8.332401808233676 -11.899353863421043   1.603703381018832  -0.096612596351576   1.943680088332211  -1.857030755512731
  16.386600093159174  -4.174119959108405   9.447933546543620   1.431850818707272  -1.828330510955372  -0.017171594569663
  10.928627107894810 -15.351061234814392   9.650456994900727  -0.040620651105902  -1.057612459301861   0.085669788106047
  16.684729853324590  -6.640454695968217  18.424663949584371   0.845592653411104  -0.952382314945252   1.027935614640291
 -20.552365277784080  -8.902811009382402 -20.629998858267353   1.771161717540022   0.720263755941200  -0.458409268011613
  11.465381030415431  -6.514973199892647  22.899093608799049   0.043598395624949   1.088172209079633   1.527704851441216
  16.859481322992050 -14.441758570641245 -11.142506321173698  -2.546929472464463  -0.672829049505106  -0.013572236316430
  20.918904296523820  -3.745204503952940  -1.206464409180786  -0.958157352092251  -0.728495868098260   1.389331644689043
   9.382908608951011  -1.129876291897546   0.301897846183715   0.817440270091605   0.170414222786972   0.340033269199729
  12.381513846950369  -4.392777117664365   9.378589433847653  -0.244443451771555  -0.473607487426916   1.211585646303254
  16.533748196587020  -5.628671973096167  13.318917727461209  -0.073798527731165   0.269051127309276   1.403735027977305
   9.029953534422308  -0.187560467946619  20.597092194433824  -0.655848142981557  -1.266411411411374  -0.472444922393536
  18.744295458320725  -2.386232437310549  -6.762879729260399  -0.120633449717601   0.830328878598950  -0.142748236857100
  15.146685126703851  -2.831601252452276 -14.008120969871142   0.007640557744446  -0.138779096362540   1.162756732415773
  18.362219404334404  -4.884319211675531  -9.826693713872132   0.103620374704957   0.080680647493321   2.353624346708015
 -21.621278553269843  10.304840568829809   1.486210285535865   0.479672633064928  -0.076523115414852  -1.082592595723273
 -18.500616372457326   4.413361186649448  12.414147174976407  -0.197313915511847  -0.831286074376858  -1.063323644690380
 -14.470239625327498  -4.292475060370690  13.132109035214818   1.018804750640462   0.431111559224086   2.050495049369422
 -17.755533677802561  -6.374410352925230  16.987647695356653  -0.434906712728643   0.168355120169757   0.215869821272297
 -10.301242128403906   3.869964797064541 -11.007922497960106   1.020040137492049  -0.319115888262080   1.259070767216706
  13.466362231442623   2.082549855382595  -3.758848733874120  -2.151550357440357   0.577145789685180  -0.358902840167300
 -22.598257713276592   6.032359492408818  -5.551826047172504  -1.048984162054438  -0.142791462973777  -1.087565111441880
 -16.237947241272625   7.849293464396932   1.486467182409295   0.038841318871629  -1.345200273359524   1.092970501367670
  19.760815300247071  10.571231926458831  12.041988809389325   0.435838561569148  -0.348294160840555   2.020961915177140
  21.841946631994549   9.159333028090831  15.883166139407638  -1.156657179844732   1.595872372097802  -0.712159790047170
  21.985612406005206  17.981246110430391  20.995887762705642  -0.241251822699188   0.051642169621687  -0.050057733147502
  20.255233986307942   6.849981205825739 -13.934623601761601  -0.370910606317693  -1.109561310775759   1.007969202631630
 -22.778536752220706   9.372112146986861  -2.744534663065522   0.333192629281703   0.079345335647688  -0.812783631607529
 -14.918680546244707  10.628559257004918   4.274934210713587  -0.823658295323041   0.525469707385814   0.774749205298960
  21.909446013362320  21.159929995915675   1.859803339371038  -0.605310965182601   0.785297285361518   1.615328686583166
 -16.275003663297056  20.553350514927448   4.021169494015956  -0.114538807442357   0.629962271851762   1.480991635742575
  19.307454971579418  18.645104724202771  15.226934195603787   0.093863081360370  -0.038933499405627   0.834737006871548
  20.081898484549729  19.401267228789212 -13.452790525491015  -0.774345326585417  -0.970444420100962  -0.425602106107685
  21.429092331560536  16.280511334789100 -15.706062590966390  -0.381889339412472   0.291487418745362  -0.978983262676789
 -10.019000215846674  20.437811567366918  -8.477717639601845  -1.856267446435036   0.724063526602587   0.624177649171271
  18.126120456139070  17.589959764051315  -0.785748712518910  -0.948263695535765  -0.159847234332649  -0.843090497684255
  13.282767553981316 -19.862376685555322  -1.917641677113737   0.741059677292095  -0.085953403376418   0.352651524607391
 -21.093585345070288  22.071265471207095  16.581160355290347   0.234670776546453  -1.158760645083345  -1.610561089551015
 -17.392497567658431  19.309629708557924  16.899216849557877   1.160085227577740   1.400679040314123   0.267768788763978
 -21.771674904788870  20.103083000382192 -19.059594321710502   1.637782529865138   0.530697595117139  -0.510921327303434
  22.310429607151377  20.188402778559222 -15.501580775813686   0.624173603974466  -1.226086951708757  -0.412141223955532
  15.224552315176938 -13.084584358143520 -17.816536051379561  -1.295151800544636  -0.210639107065740  -1.226775023737366
  -5.945456594495949 -12.881219407318405   4.529190930745363  -1.395727812895598   0.681577322333637   1.011594666308050
   7.583769687130324 -11.845382518717011  -0.682502051277560   1.521287882999025  -0.403589400164957   2.525205520464675
   3.417024689051539 -20.470277321921817  19.598630299759879   0.097781677625442   1.229303007239290   0.262486284356037
  22.321481755953812 -12.582477504258545   4.841730070551440  -0.169545386725306   0.430291070925562  -0.843512695365541
  11.790142815001989 -17.855053649074378  16.308771667786758  -0.455584337621089   0.458198198063559  -0.376690422166426
  14.211157881248679  13.909116408778306 -11.491180848686106  -1.418906923682375  -0.820652721768880  -0.141065830901790
  13.373153503191268 -17.893214873090471  -3.292146116117003  -0.702068003626720  -0.150461940412450  -1.453351144965868
  15.430322107572044 -18.523462677168126  -1.443523610588710  -0.557806672695707  -0.352507929273205  -1.436369623912179
   3.270041282620561 -12.344063446938820  -2.097927521976301   0.637556462291135  -0.837603113252231  -0.452980093795686
  10.425701811232798  -4.838567621133646  10.558287740097056  -0.710243866176099   0.601938018834268   0.381948473809652
   8.496539722728963  -9.437162353505693  13.657505701904203  -1.613477066104726  -2.233355325693260  -0.540731473614328
   9.601429001580694 -16.839688102529504  12.018438307514465   0.480328153769407   0.400739349595975  -2.042030903108987
   6.643977380704368 -11.035272245291367  -6.251405504800493  -0.061496970235206   0.002627012098871   1.345451861236785
   3.523152311077550  -6.317998269164119  -4.879841802733923   0.466024391318689   2.841893512239833  -0.383950079812988
  21.408557116197706  -4.781743273371361  -3.354192622058415  -1.627462749163059   0.321935412034119   0.240037461378591
   5.236755420141145  -1.540292109065174   4.679281575072694   0.807820067269317   1.277684928993652  -1.161012670587650
  12.702027065653080  -4.857209565995083   4.386944911871298   0.296009805898054  -0.044679984932271   1.372356242536244
   9.103334506048016  -2.768707814293743  17.752184300553733  -1.238518644392017  -1.288190276514808  -0.171652616495987
  17.639454946409401  -6.194490556875336  22.515386644926238  -1.795825575993790   0.720025785949715  -0.373980101742839
   8.515371604904514   2.570357956241905 -20.560199405676265   1.044483996102990  -1.568603944953354   0.174925285736357
  19.773948841760784  -3.390458239352687  -8.465248699088580  -1.651437590541435   0.129685314244983  -0.609714758545430
  14.242555130633045  -0.190756014215710  -4.470260478581845   0.110412906795305   0.162727847770663  -0.722454299030758
  17.293201868946980   1.285788581037191   1.601472751997978  -1.120285808308346  -0.155482639270766   1.111064510006029
  11.439777951635328   0.104930475609245   9.721962186332314  -0.695926128877039   0.194833356792294   0.030160067118828
  12.682732023390788   8.349701364409279  12.888158542583474   0.664429083416288   1.592897143491157  -0.137017456809724
  18.159592954391581   9.560467091536495 -19.778833884348785   1.170427280141928   0.645261152715021  -0.415864450037344
  17.090388913679458  -0.379890712491896 -13.163731479604408  -0.398974441391065  -0.058642950852721   0.790457042808213
 -21.264645733467404   8.332875180236277  -4.443055819559664  -0.184254764826402  -0.473279449323770  -0.887746457799369
  21.380199574911632   0.648945759252756   0.624413222610592   0.780666549933345  -0.134005384451266   0.588227161464950
  12.458667653845154  15.024548071148308  -1.178725897069399  -1.230426301953713  -0.558766184700333  -1.105533909358656
  15.853449450364383   8.626259920857628   9.324486953223936  -0.603782414990628   0.696525770804825  -1.156243064915874
 -19.366889410952858   5.632783698463696  14.990714282225838  -1.990654878250151   0.969620794927701  -1.549468018635833
  21.348279906027706  18.943604227455914  23.055114721802227  -0.248470503842409   0.897834352397346  -0.608082109434071
  12.387310255112421  10.521757771089090 -20.077394866610994  -2.602963695887232   0.562884893514625  -2.335150671900290
  19.843512876108004  17.023098089823641 -13.913252003087280  -3.080231090884927  -0.176332589643503  -0.651259653143184
  12.424998147156993  12.712090947470275  -3.673981083786512  -1.635453761746404  -0.600486677255266   0.276576488016419
   8.054264535681767  12.192424832181295  -5.133178705630955   1.270579810709688   0.778721681827348  -1.035711029334184
  21.428466464285243  17.628113745842811  15.028513686041370   0.304527258001670  -0.782456366570427  -1.745774194567087
  16.130318485417202  13.536463974673669   8.925929811482769   0.182059731800014  -0.362734008198246   2.701354720761231
  23.480791162745060  17.989481227719924 -14.736867933616363  -0.160999866701438   0.600792309040645   0.311534992295659
  15.298797287252706  10.674698047619255  21.154646276129640  -0.317586564780998   0.722962824001663  -0.459628433411096
  20.100389956518828  13.763297614490364 -15.827885440402179   0.181975761119244  -1.760581318554974   0.800915910251701
  19.379039843362101  19.202202966552420   1.873519696376635  -0.728123906913577  -1.260837863606480   0.653047606806416
  14.289934699989926 -22.155815292639343  -1.662993054662421  -1.062108459821675  -0.289240276855250   0.962882949638575
 -22.713302220168213 -22.942382508552985  16.629506438176648  -1.547943923481587  -0.761163213092059  -2.030249865186571
  20.799701734504172  19.401245868863846  18.595161050098884   0.181324958364230  -0.640355322382855  -0.349936253876206
  17.377516528078750  18.588724361460070  13.117365079194180  -0.747158344617940  -1.484898233251063  -0.281356113596311
  23.462204466442302  19.565620933578217 -17.864100983353453   0.438681614139553  -2.522480226398293   0.186258491329247
  15.472845441858412  17.999165912401708  -9.947887178705667  -1.141689901980580   1.751615262825497  -0.884478170460103
  16.304743256477312  16.861565074772908   0.964152887525380  -0.999693447690804  -0.416545205976615  -0.125100944887902
  11.823211859886403 -23.535838400633573   1.349657031880431   0.038179389449202   0.777327073036440   0.811838284445499
  21.221446399280133 -13.984542165204276   9.306725848165600  -1.027507064953518   1.728869719161931   0.401441998444173
  21.322112245204988  22.230113897936345  16.980293839215534   0.642185300793079   0.333496006486657  -2.404112296840228
   9.860736335949634 -18.695349315404684  18.914019555545597   1.074510367030607   0.540654932010894  -1.117921837568337
  15.201104881202770  22.778747152532741 -22.819134890937548  -0.144513374767117   0.739939444037310   0.592842013854095
  13.161236365752128 -17.558471452298189 -18.507022200950725  -0.679511478411405   1.621172386105531  -0.758539893233626
   9.365689677231945  19.843236311526670   4.651211460224164   0.881072807258871   0.651089721798949   1.338785343212043
  17.177195449898182  -5.612507686735525  11.058083852049435  -0.454418317610750  -0.719763163394138   0.758890069307865
  10.609218534618122 -11.177724502223295   2.284937146234683  -0.375189393389210   0.078851064920786  -1.490882513216368
  17.435574871791257  -6.565694766356462  15.326157068559549   0.387692346358989   1.521618420764407  -0.561864421078696
  14.850234500183207  -8.881900695759969  20.455469341582663  -1.346282302609962  -0.561082471862891   0.842460319873386
  11.391131367431633  -8.370028142079223 -22.931323386322337   0.557334252580344  -0.257402062298435   0.190667095857794
  14.663142389032284 -14.656472156091775 -10.644549935301225  -0.810128397077145  -0.007601099017685   0.388893877914324
  17.643337938694984 -11.923392722416303 -12.006240936897514   0.267155959478510  -1.283138790332106   1.246658967536003
   7.557251923783014  -2.385122853233159   1.322670245937824  -0.403973583159541  -0.199661265675428   1.376455461354439
  14.223697916567831  -2.460653612512785  11.717400177075508  -1.977731689227838  -0.060274577015157   2.450993912750372
  23.307635345948363   0.970872065016519  16.654488779676043  -0.089810580002162   1.237257363942118  -1.153808914068819
  10.936732973101547  -0.911487592681590  22.564542234254272  -0.623595782081471  -0.084169592415957  -0.763967576187147
  18.586397951517377   5.527954975102658 -14.617006908725569  -0.005938947735570   1.176993189105499   1.245102789898696
  17.210201303585219  -3.851095618796492 -12.391905579543829  -0.266832975916524   0.055069714102277  -0.356158532765288
  13.257552636558334   1.645249578583476   4.390871608436946  -1.483048094846717   1.385175933775786   0.398958669366792
  -5.363577479164443   7.987005848798734   0.362908656952467  -0.428525492458045   0.631455656413351   0.971730115517244
 -16.521590643359346   9.294505527469534   5.089598119879726  -1.035177814232412  -0.359065896230160  -0.237542670035054
  -5.198694784016269   6.075991489211727  16.999237471071567  -0.073070596273383  -0.983154937471343  -1.394421001249000
 -16.759115589772854  -4.395434826341291  16.595307270320546  -1.516217408366591   1.704660410061341  -0.041521793199555
  -2.133958777439416  -0.000738492181330 -21.017625437363701  -1.043405172399520   0.532887038842001  -0.719832222113988
 -10.315300292892298   3.068893880376865 -13.169987248396733  -1.106288379707260  -1.611479902086169  -0.234217043051817
  -1.622147753580590   3.953769256834616   2.648543765633443  -0.381519342835877  -1.287419487110723  -0.859932318435027
 -22.290319538984630  12.064238827749419   0.131002728648076   1.621891717770041  -0.629577893029537  -0.556488421675375
 -15.216599725200584  18.108020762262047  10.543442435524227   1.413568923446932  -1.131442521489493   0.000546244019468
  20.136076883922335   9.707910293796290  14.070560347187529   1.192010123305593   0.485090228185964   0.477514502013037
  20.932752932938847   7.851383053191168 -16.094870366679430  -0.209058966084912  -0.093821842645214  -1.210782575343196
  -9.107841811533994  13.321022640826804 -13.268905631184385  -1.344488055320684   1.713953582037478   2.291788479969050
 -23.022084493704938   4.123251335332918  -4.372780588766886   0.361496263424429  -1.949344201789020   0.429495024529637
 -13.604182139522134  10.442280270189743   2.299300142207876  -0.766796359450613  -1.495343701947052   0.112868039412160
 -11.403150215627415  11.052088901843629  11.265793655700353  -0.271609287974063  -0.041513793501187  -0.174057666964824
 -16.544613674089877  22.314709131095810   5.858647616160934   0.562626459675892  -0.305324891078056  -0.264419832927625
  -7.002211286639010   8.635152443922175  15.831347017017032   4.107356178333938   0.428273137667937   1.031615589497423
 -13.344921736538284  14.795594616337514 -15.929391578152289  -0.002512839884757   0.979152878493338   0.966906770228111
 -10.854873449868327   7.388032316905096 -12.663511815248341   2.424121147242403  -1.166021079465874   0.426639667409104
  -3.637488223983381  11.022746628130841 -17.119823133107829   0.351120352683469   0.326347056404296  -0.356119296299036
  -3.723861593539812  14.977640915293373  -1.482606202795050  -1.249597447878876   0.539358270416866  -0.245855881763117
 -14.232794823688849  19.968065244813950   2.364213402948082   0.129349548574369   0.501343373607202  -0.737894280149609
 -19.315378218074269  20.732966071147633  16.226511138973102   2.223162159924136  -1.318066860209915  -0.135001563425493
  -7.976951808617837 -20.433329565840523  20.327261585897119  -0.625745075162723  -1.051560601045809  -0.934137231584568
 -23.470097218808672  23.026380553364582 -20.060835235998724  -0.374786439486258   0.054839480602802  -2.018569733258248
  18.028732711269125  20.334964777183345 -12.944443832131817  -1.521728530242230  -0.807610867444303   1.037731850738481
  -9.092007909390398  18.592938732492566  -6.214084682257193  -0.127729147384082  -0.715573216187478   0.789203551585018
  -8.771679619510332  22.254479008363639  -9.284265917636237  -0.396148603495760   0.544398890779564  -1.252235394962295
  -4.216384647752327 -14.347115706726624   6.057609548876277   0.573706299165021  -0.525271097413503   0.701652019354496
 -18.184130515475765 -22.514946522105458  15.541016979590312   0.937928584347344   2.024101981099088  -0.306360215074957
  -9.986777919468150 -17.155118198804395  22.441304389753803   0.644916521951962  -0.439705851397939  -0.307482528514719
 -21.923474067037144  19.747176896515391 -21.545795592930606   1.027848307439928  -1.229893498740707   0.299158925470956
 -18.098167897856325 -18.081573905500388  17.635396170618236  -0.294089154805141   1.042452349516315   0.475314982952214
  -8.679860583613291 -11.503153714771372 -16.042874886534406   0.248806590397768  -1.998592684644478  -1.004360585549153
  -6.065392037799981 -11.200717690488020 -14.406378899264542  -0.561817672143103  -0.952571060498734   0.638498649921933
  18.961980810828830 -12.090737494949851   9.064573387514038   0.654600087042235   0.069430918962432  -0.397783397276847
  -4.653025321533698  -1.165313047059632  14.897635826059727  -0.526239160041092  -0.298101336227946  -0.928657077586508
 -18.658397960658707 -10.215587200230209 -20.451289463796666   0.553903374984517  -1.524369026454323   0.714729601818832
  -2.656981796268310  -1.753598970510903  21.173570920663849  -1.772746594661420  -0.134470557267478  -0.642351084104302
  -6.833281329156753 -17.970646214170877 -18.259410324194910  -0.750028050431432   0.250521702966328   0.266101071006196
 -10.362638276694421   0.503458052924605  -3.003174869395773  -1.590016223729305   0.042671764879702   1.541570653198746
  -2.255369960540296 -12.940684591813604   0.712661237214728   0.924763016919685   1.479326984099258  -1.360567793223738
 -11.062072750434197   1.858687775963446   2.959006110411646  -1.000638121386080  -0.539488275188144   0.946256007104753
 -13.601481825292581  -3.028857200575935  14.792763488146662   0.430280727077511  -1.007092855188396  -0.759834300421756
  -1.344473457405325  -3.280548309189889  17.421433486788597   0.775964944643908   0.878309330295414   0.289600277418582
  20.911993144106223   3.881113284133343  15.537896301580968   0.594967239224429   1.848566566427803   1.306690866602237
  -7.061491269431012  -2.171198917852075  22.341400022804429   1.352454191156069  -1.389554528946862   1.792515079949414
  -8.256139220577102  -1.555861102547962  -6.145306892413692   1.535996760218558   0.362983756369952  -0.765819116210013
 -12.671545715728955   5.257185924830164  -9.750655478325339  -0.098487316666386   0.308135720431084  -0.326571953549304
  -5.443827078661647   7.391163406633851  -3.883200645515962   0.217998804760710   0.412035162465254   2.358991770874043
   0.494990386777125  -0.840394335563543   8.232124159008926   0.659742179788662  -1.171544892218474  -1.537992969771174
  -3.208033596254741   1.529543894731761  16.293521049495531  -2.277834556874198   1.232106311536385  -0.595519883664440
  -0.401690776433316  -4.222959672897042  22.541460437725995  -0.101023485611682   0.330976716035686   1.167087132293285
  -2.050434806454285   7.096387943241178 -19.267035854682913  -0.571188652953034   0.773023349490619  -1.753220127317191
